[Lantern4]
y = 293.146
x = -1037.58
PlayerID = 2
Max = 1
Level = 1
[Lantern3]
y = 303.991
x = -459.082
PlayerID = 0
Max = 1
Level = 0
[Lantern2]
y = 303.991
x = -40.2602
PlayerID = 0
Max = 2
Level = 0
[Lantern1]
y = 309.013
x = 395.636
PlayerID = 1
Max = 3
Level = 3
[DefaultView]
zoom = 0.997544
Y = -3.99124
X = 8.38101
